
binary_controls:

  m1: [ 10.        ,  13.89495494,  19.30697729,  26.82695795,
        37.2759372 ,  51.79474679,  71.9685673 , 100.        ]

  m2: 15

  initial_period_in_days: 100
